id,EAP,HPL,MWS
id02310,0.05012056159899805,0.020951375146775104,0.9289280632542268
id24541,0.9486290014120916,0.023674912066732803,0.027696086521175476
id00134,0.03392790669860536,0.9436608274413822,0.022411265860012373
id27757,0.7643568889474429,0.1763516470356055,0.0592914640169514
id04081,0.9223456563714898,0.03709794353109304,0.04055640009741726
id27337,0.9278728358880172,0.035435819816585584,0.036691344295397325
id24265,0.86774107276887,0.08204049541856799,0.05021843181256205
id25917,0.09242799959531016,0.17998650832131424,0.7275854920833756
id04951,0.9487980297677288,0.02276437930922929,0.02843759092304207
id14549,0.9155278299000436,0.0411442206623944,0.04332794943756192
id22505,0.11939852625892555,0.050834507954614666,0.8297669657864599
id24002,0.0195830967911688,0.9646088694695434,0.01580803373928795
id18982,0.06287922838837899,0.8737476123219303,0.06337315928969063
id15181,0.025921991656931227,0.9567030541556252,0.01737495418744354
id21888,0.8947483157321895,0.0422370767981632,0.06301460746964742
id12035,0.03545198944262288,0.01690549805427955,0.9476425125030976
id17991,0.24660244745284324,0.049448990039319636,0.703948562507837
id10707,0.946167376421549,0.024888569678927788,0.02894405389952312
id07101,0.23855018836293326,0.07677544377415868,0.6846743678629081
id00345,0.030180682419165075,0.9473040150187614,0.02251530256207343
id05912,0.9338888256008764,0.030675648992227144,0.035435525406896484
id13443,0.8888719365492994,0.05531868081221023,0.055809382638490335
id09248,0.3672496679715272,0.07666193157302807,0.5560884004554448
id17542,0.04575448674464753,0.9282642940894531,0.025981219165899398
id06995,0.046448462523028734,0.0198979549239692,0.933653582553002
id25159,0.7021195570787938,0.07492650451111628,0.2229539384100898
id25729,0.2425214978729416,0.6958979153973666,0.061580586729691786
id26949,0.9390491538403888,0.028288569758106168,0.03266227640150481
id27191,0.5504122815833193,0.06987823631124332,0.3797094821054373
id07668,0.11158239351696853,0.03692013483970569,0.8514974716433258
id02230,0.18649612614070846,0.2640277820420204,0.5494760918172713
id15553,0.9327478079618078,0.03020752403698179,0.037044668001210534
id25688,0.021027069369428296,0.9634952418299296,0.01547768880064183
id17545,0.9099115189136796,0.04164421711260101,0.0484442639737192
id13929,0.4104061842477824,0.450585507990993,0.13900830776122486
id12880,0.057200654607123175,0.9027817400052309,0.04001760538764584
id19282,0.438468100697097,0.10558504373962163,0.4559468555632815
id14690,0.03717478704585565,0.017759313584550778,0.9450658993695936
id17975,0.023218898012721992,0.9604526028106508,0.01632849917662722
id08037,0.9020335170442272,0.03674738151695653,0.06121910143881632
id15412,0.10719583615962844,0.030982011646147577,0.8618221521942239
id25032,0.5891716171319086,0.06842115739319968,0.34240722547489183
id27165,0.9354799561448806,0.02898826169858648,0.035531782156532826
id03327,0.9272658324987028,0.036349574120063885,0.03638459338123327
id18515,0.9327521333977172,0.029694606708172113,0.037553259894110784
id21003,0.05449978271578757,0.02396490045240384,0.9215353168318088
id23855,0.02398046039699472,0.9557812991724021,0.02023824043060342
id20724,0.8440053288108034,0.07669112708528111,0.0793035441039154
id13303,0.7858874560952371,0.06661589072804573,0.14749665317671712
id16521,0.044427209193479665,0.026369605256410352,0.92920318555011
id20775,0.9488772971635108,0.023104705266672597,0.02801799756981666
id13029,0.9505704888731522,0.022600459424917813,0.026829051701930024
id14660,0.7862525535052656,0.1425040979556097,0.07124334853912467
id11028,0.034457249704258223,0.016639192137043762,0.948903558158698
id14180,0.9292760937578376,0.03293291061332637,0.037790995628836095
id25860,0.946726934143396,0.023995938895740213,0.029277126960863743
id11910,0.05627804920175728,0.032462459937017366,0.9112594908612254
id08065,0.15511280494232996,0.05208193242904001,0.7928052626286299
id22674,0.04330003636737925,0.017978607324337394,0.9387213563082836
id25018,0.1438454722766177,0.03552548070933366,0.8206290470140486
id10892,0.01937143562499287,0.9657020619601928,0.01492650241481413
id10217,0.027012922307574787,0.9522701252895014,0.020716952402923785
id12996,0.13624377932399395,0.6210174897638693,0.2427387309121368
id18262,0.8659371707186153,0.056592199086086266,0.07747063019529855
id08606,0.021301960448393796,0.96167858496446,0.017019454587146234
id17233,0.8611470819162114,0.05003761296051317,0.08881530512327541
id00101,0.7960342843235301,0.06662431407070181,0.1373414016057683
id12225,0.8990230922153913,0.045539846014228516,0.05543706177038001
id01364,0.024252198678945232,0.9567635176511649,0.01898428366989014
id24973,0.7256774983910526,0.0645168126724465,0.20980568893650092
id25363,0.9143821196098534,0.026637936863866684,0.05897994352628005
id10061,0.4782872745233094,0.14357839246858256,0.37813433300810817
id17673,0.06639241138204671,0.8962696931840163,0.037337895433937014
id13249,0.762681262282766,0.0703693679958857,0.16694936972134825
id10107,0.033817926743800505,0.016245128422977047,0.9499369448332226
id04403,0.9475135879673668,0.022464351101348104,0.03002206093128517
id25728,0.933777613809155,0.028354490764445187,0.037867895426399935
id16184,0.6886007164942863,0.05607307963362615,0.25532620387208754
id03438,0.05558848759408554,0.01953643276179672,0.9248750796441176
id22923,0.02592886189092115,0.9559294017693276,0.018141736339751257
id08610,0.9389531480044052,0.028641251689382162,0.03240560030621262
id25355,0.057329914331627416,0.02424457459121391,0.9184255110771586
id16916,0.15711169058507285,0.7720471930794227,0.07084111633550444
id12793,0.03535556023474395,0.9430219825095699,0.021622457255686102
id11859,0.21607936433778827,0.05069415688731635,0.7332264787748953
id02434,0.9497512772618164,0.02267963970521425,0.02756908303296933
id27703,0.04769123703492609,0.020507401294880462,0.9318013616701932
id25212,0.021540731958193882,0.9607387597985331,0.017720508243273182
id11308,0.0637369131356576,0.036694072626638014,0.8995690142377044
id26094,0.9110578376932202,0.043719220042063314,0.04522294226471644
id22080,0.8324091841428038,0.10612316576579688,0.061467650091399276
id03545,0.916825546755538,0.04272100290893965,0.04045345033552242
id23725,0.038422820219858496,0.019353191876819647,0.942223987903322
id12009,0.91657463552903,0.04159741857887315,0.0418279458920969
id24241,0.6222604554798575,0.08959566964242842,0.2881438748777141
id03596,0.022366240570671585,0.9592301362332412,0.01840362319608737
id10749,0.020749322968889795,0.9611125865118398,0.01813809051927049
id22794,0.04850545898564351,0.02465585468545304,0.9268386863289034
id15482,0.06946916201019053,0.872739745216728,0.057791092773081434
id04833,0.8859274667076217,0.06925483482849036,0.04481769846388811
id00397,0.04084099305503429,0.01876147273640408,0.9403975342085616
id14691,0.04489464414319273,0.02218501105870665,0.9329203447981008
id05193,0.16034520619046186,0.03542650643649657,0.8042282873730415
id19541,0.9462088722621862,0.025109780665046325,0.02868134707276758
id22166,0.04218247502047315,0.017798372771048822,0.940019152208478
id20744,0.03540081756966049,0.015386150358095131,0.9492130320722444
id10392,0.032868983447379936,0.01775796270492967,0.9493730538476904
id00770,0.9382113842593671,0.029975458646307764,0.03181315709432515
id06018,0.13695157884962025,0.8072016104286516,0.055846810721728216
id15678,0.06883394700034041,0.02478893446690881,0.9063771185327508
id08305,0.9272386153796236,0.035912203263658106,0.036849181356718316
id08903,0.5800289748635108,0.08449795603458476,0.3354730691019045
id14752,0.07273389947000916,0.8914516321022257,0.03581446842776514
id12468,0.024058230922929247,0.9594715697919493,0.016470199285121497
id05085,0.2770068614930616,0.6686214896753031,0.05437164883163514
id21993,0.08501242997925751,0.025156279310838036,0.8898312907099044
id15503,0.9014602597737492,0.052965839285755635,0.04557390094049515
id03021,0.018694194035272324,0.9650275463140772,0.01627825965065075
id16123,0.9457823099820653,0.025212949339971702,0.02900474067796305
id19383,0.9375751036166976,0.029467250166092127,0.03295764621721055
id04186,0.9511905539556036,0.021315849923951937,0.027493596120444573
id17954,0.03602084035392652,0.01747112481829139,0.9465080348277822
id12030,0.16768598103504945,0.04655480772944589,0.7857592112355046
id13020,0.7204153720723662,0.21477565513902136,0.06480897278861251
id25327,0.05950040867544664,0.8358084099105633,0.10469118141399007
id16344,0.285272001467584,0.0644249895997979,0.6503030089326179
id12303,0.06538711150025267,0.8856546683130743,0.048958220186672965
id15017,0.9477752901537574,0.023276563913639414,0.0289481459326032
id22308,0.3510221134100282,0.061998893212714075,0.5869789933772577
id06536,0.039123370551213316,0.017370671724713994,0.9435059577240726
id19797,0.028421464232817325,0.9485811698307948,0.0229973659363881
id06332,0.670294271585798,0.24349922626240075,0.08620650215180126
id22941,0.3570156345054542,0.07700011497837705,0.5659842505161687
id13547,0.04610587302229016,0.02208036801197649,0.9318137589657334
id06928,0.03989679856906767,0.017151586103507362,0.9429516153274248
id12521,0.4975462310153527,0.4118709360159356,0.09058283296871183
id25716,0.9179970328984624,0.030186699762087363,0.05181626733944997
id27116,0.031234656767307,0.016393306200158386,0.9523720370325346
id19941,0.036652391448620786,0.9443094623694238,0.019038146181955286
id05711,0.03927359107906698,0.016484941023394706,0.9442414678975384
id02097,0.03992546558996808,0.017518694254151392,0.9425558401558805
id03563,0.018626924319160926,0.9658469624533664,0.015526113227472788
id02295,0.6251199983534039,0.2704888464988908,0.10439115514770532
id08179,0.9526348008780212,0.019439307019875732,0.02792589210210293
id05332,0.02716307438050769,0.950807301391096,0.02202962422839648
id15697,0.9296328150326426,0.026037677586944433,0.04432950738041296
id17026,0.13291359879647904,0.041015052044915436,0.8260713491586057
id04243,0.9290805968457158,0.03378241620351872,0.037136986950765526
id13175,0.9532921137902072,0.020978185616364387,0.025729700593428585
id05387,0.9378232846952296,0.028806206675680436,0.033370508629090016
id19989,0.9474458576791284,0.02333407279496172,0.029220069525909668
id25173,0.3223845912463631,0.08511982682496944,0.5924955819286675
id08925,0.024319619521660157,0.9578065028130708,0.017873877665269346
id03034,0.02400645481514882,0.9563813948679396,0.019612150316911624
id13272,0.02169677501487225,0.9627400519529437,0.0155631730321841
id07956,0.9450388413482426,0.02287399227312306,0.032087166378634194
id02648,0.044355643564567455,0.019037612418235653,0.9366067440171968
id01778,0.10009576770600064,0.03756861837572509,0.8623356139182743
id12846,0.04324150255923484,0.0208286153454516,0.9359298820953136
id19001,0.13699195795156238,0.045569739714719365,0.8174383023337183
id05763,0.912320980241118,0.03960785541264422,0.048071164346237885
id15590,0.034825091827905566,0.01688729499961334,0.9482876131724809
id04912,0.9148074695714324,0.04060668504405615,0.04458584538451129
id21201,0.9165127939052952,0.039973927115268634,0.043513278979436236
id13215,0.9390463754719026,0.028078311046441214,0.032875313481656086
id15612,0.03663068988399148,0.9242061950140028,0.03916311510200572
id18501,0.05780857935121855,0.023674858131656585,0.9185165625171248
id07223,0.5408127944665263,0.3383518955185173,0.12083531001495637
id06707,0.2260350149147864,0.6593254072658375,0.1146395778193761
id05238,0.02306391479541332,0.961050437214494,0.015885647990092622
id00935,0.055788913089423235,0.024823479987221786,0.9193876069233552
id00110,0.93189343127101,0.02868270024853823,0.03942386848045165
id17476,0.9436410550449807,0.024719557738522583,0.03163938721649654
id15170,0.9045687902811252,0.03886284778594749,0.05656836193292732
id13397,0.1688350465314293,0.1985826612862152,0.6325822921823555
id24283,0.3878612028695038,0.1107253078490229,0.5014134892814733
id15234,0.9180262154843614,0.042944380382109536,0.03902940413352921
id16884,0.3587790934483806,0.4946539389551057,0.1465669675965135
id07831,0.33517965538149896,0.5338705741505044,0.1309497704679966
id16038,0.9314388687486176,0.03339331560881032,0.035167815642572264
id03629,0.9274357641163572,0.03394171059195365,0.03862252529168928
id21019,0.8661516040265252,0.07273781869052956,0.061110577282945215
id21835,0.1813379015455813,0.10925352543909164,0.7094085730153271
id04480,0.019927216932073583,0.9645386311238104,0.01553415194411606
id20838,0.289224907387651,0.6161164975442789,0.09465859506807008
id24195,0.6187157734617509,0.1397712850431127,0.2415129414951364
id05448,0.9363038676393276,0.031298209402782516,0.03239792295789004
id15957,0.024270517828450192,0.9576040817565159,0.01812540041503365
id19956,0.035142228216962036,0.015983632134180404,0.9488741396488576
id15104,0.056961836147425476,0.03505648920782983,0.9079816746447448
id17559,0.7335512183392676,0.1599630661394203,0.10648571552131228
id16839,0.2568850024537338,0.3278335289857251,0.4152814685605412
id14493,0.4295271453980412,0.06668533853491818,0.5037875160670408
id08833,0.8809994281340294,0.05147438589215414,0.06752618597381645
id15723,0.0807564225911854,0.04243535973230155,0.8768082176765131
id02716,0.9343720955754801,0.030191683744483774,0.03543622068003625
id06689,0.0254369268787507,0.957731094561844,0.016831978559405516
id18837,0.743296598284174,0.10057791239303893,0.1561254893227869
id04466,0.9372064721617024,0.0290333447666528,0.033760183071644884
id00686,0.9240924107169228,0.029932872687870506,0.04597471659520673
id09010,0.023563194903708052,0.9594971434646999,0.01693966163159194
id23353,0.9279437199720328,0.03194833815300793,0.04010794187495936
id00066,0.9263040332293564,0.03717342251198704,0.036522544258656635
id15724,0.04154567445655525,0.9356604572219585,0.022793868321486308
id23486,0.054457374871320886,0.021172169550295737,0.9243704555783832
id22258,0.04235802964490197,0.02020738104221011,0.9374345893128878
id02292,0.8315606298930277,0.07159909976975941,0.09684027033721283
id16356,0.13500068027365264,0.04916532802703726,0.8158339916993101
id00235,0.9286770658946396,0.032530043889107775,0.03879289021625263
id25522,0.04548539455357705,0.01951274302188343,0.9350018624245394
id04204,0.028753158600897694,0.9511885549637646,0.020058286435337646
id22016,0.8376874274557977,0.062393184822786614,0.0999193877214157
id06480,0.020608006359402225,0.9624379628565656,0.016954030784032167
id08718,0.03921727058640605,0.01915770646662797,0.941625022946966
id05251,0.018908139563505514,0.9659928503780536,0.0150990100584409
id03359,0.9126519162985459,0.04096662626576335,0.0463814574356906
id16117,0.03607075649382719,0.016558648360776338,0.9473705951453965
id17000,0.024117350466185444,0.9581819967011744,0.017700652832640162
id01730,0.02180748133855529,0.961407203116596,0.01678531554484851
id00630,0.42242124166063705,0.4963795692029447,0.08119918913641852
id18175,0.041668152514960935,0.018972895981595943,0.9393589515034432
id00907,0.901953329639148,0.04492456728027705,0.05312210308057497
id18251,0.019072108739660795,0.9659080369108016,0.015019854349537502
id25861,0.8401800636312253,0.0724721036572839,0.08734783271149069
id00398,0.8212474782726404,0.08691984749953452,0.091832674227825
id27573,0.928475544888262,0.031765790884334365,0.03975866422740339
id10022,0.02216693508246097,0.9602670701201474,0.017565994797391533
id15901,0.051006102886123145,0.02024512780227716,0.9287487693115998
id00451,0.037337209588605015,0.019434292493694338,0.9432284979177008
id23129,0.027567950663416184,0.9534812803436012,0.01895076899298261
id26498,0.05956188919978249,0.9086135206350902,0.03182459016512719
id14741,0.12946750679859942,0.6560956209606459,0.2144368722407547
id18453,0.08519374428547699,0.03042165549349777,0.8843846002210252
id08309,0.9226741489582392,0.037174818487362926,0.040151032554397684
id00320,0.9544743022796184,0.020668553746126563,0.024857143974255053
id07688,0.13354892809934654,0.04506495882327357,0.8213861130773799
id01556,0.042650215487757985,0.018779500590322826,0.9385702839219192
id00178,0.7526365418407344,0.056865195757035324,0.19049826240223025
id18902,0.07059762045540438,0.03288170322074658,0.8965206763238491
id27002,0.7500371608107208,0.16611148181358104,0.08385135737569822
id21418,0.9297231563394696,0.033855225752155875,0.0364216179083744
id23018,0.3621977828021123,0.12859871263962264,0.509203504558265
id07032,0.7404296682570104,0.16007229896273345,0.09949803278025614
id16195,0.5990910752718858,0.06326337106143944,0.3376455536666749
id11202,0.030731357551564857,0.9486943848182008,0.020574257630234315
id09578,0.6338323193777262,0.06834859941704083,0.2978190812052331
id26984,0.9065529397064483,0.03924650630926058,0.054200553984291015
id19856,0.01919415305461565,0.9648851075639268,0.015920739381457518
id12086,0.6177659548010129,0.08564531313625545,0.2965887320627317
id12052,0.04986740249703327,0.023541650401120526,0.9265909471018464
id17728,0.03798185736491458,0.02197373408019088,0.9400444085548944
id24608,0.9082980794079591,0.041372399189849515,0.05032952140219129
id21097,0.057381693434811525,0.02694433502488918,0.9156739715402992
id20179,0.036529403867430976,0.016822578678684624,0.9466480174538844
id15144,0.8081401728198075,0.1113975451719025,0.08046228200828995
id00206,0.9493924078946342,0.023026621477468832,0.027580970627897116
id22285,0.03844068107830853,0.017705154898480114,0.9438541640232112
id06417,0.1748112439691134,0.6827522346083404,0.14243652142254604
id00215,0.022251593539686795,0.96079017977971,0.01695822668060332
id04201,0.10827158644211164,0.03288360291741987,0.8588448106404685
id21771,0.9338392275775312,0.03095503002115864,0.0352057424013102
id12451,0.13280307581327402,0.6592423719844369,0.2079545522022891
id14250,0.02944768450468769,0.9485164908549072,0.02203582464040502
id03433,0.031258521241427466,0.9482193635809992,0.02052211517757324
id03303,0.05554378809802536,0.01920374273653666,0.925252469165438
id25901,0.1337128006612979,0.7691584135604226,0.09712878577827948
id06945,0.42239173521186174,0.05382876226868109,0.5237795025194572
id05664,0.5066693466278852,0.3777128224785707,0.11561783089354412
id05741,0.9485960624234322,0.023569026826659484,0.02783491074990822
id10652,0.8239486097693524,0.06814379759645277,0.1079075926341949
id16300,0.9462720477928224,0.023527370862888083,0.030200581344289355
id12319,0.7361967351066788,0.11062324461206724,0.15318002028125394
id07500,0.019286558751208528,0.963997699203618,0.016715742045173527
id12478,0.4203545844906329,0.2293759110920345,0.3502695044173325
id03076,0.055318882117807736,0.022758817337188292,0.921922300545004
id00969,0.0519480991219298,0.9078304008020284,0.04022150007604201
id23636,0.022288310952035487,0.9590689673129028,0.018642721735061617
id09791,0.054325050016473315,0.027119946710230637,0.918555003273296
id05680,0.078623987917459,0.16571893092641524,0.7556570811561257
id03672,0.04323872423356834,0.8767002869563676,0.08006098881006399
id04286,0.02077395232486352,0.9614777589981052,0.01774828867703125
id23883,0.059886452745539887,0.03284820754895245,0.9072653397055076
id11914,0.8396527570356335,0.04891640606795912,0.11143083689640752
id20974,0.01597728808917944,0.9692255424720072,0.014797169438813169
id26125,0.10047902839626197,0.029134636409708533,0.8703863351940295
id15543,0.2999122919475923,0.06927785260312094,0.6308098554492868
id19471,0.9353677538926272,0.03043169875987036,0.034200547347502316
id11503,0.9134852634590216,0.04076443999411775,0.04575029654686057
id09321,0.02627957602236065,0.9527001407087884,0.021020283268850942
id25560,0.03704826067418132,0.01600893334330665,0.946942805982512
id06726,0.2024329039337173,0.05888473567263115,0.7386823603936515
id05709,0.9429636531058176,0.02598968775469611,0.031046659139486336
id09788,0.127520789283389,0.729145190560932,0.1433340201556792
id05289,0.9423893397277504,0.027053978200730903,0.030556682071518636
id11815,0.02109210718138593,0.9627595051672015,0.016148387651412476
id22422,0.7528984094455318,0.07147618214014177,0.17562540841432636
id25954,0.9288769234365596,0.03206796891866391,0.03905510764477629
id13601,0.7583556056291805,0.1594865681182346,0.08215782625258491
id05677,0.8982695158737856,0.0368002663902812,0.06493021773593312
id10498,0.02005299287681568,0.963069623891608,0.01687738323157623
id02665,0.05486205049014618,0.9103717112718224,0.03476623823803136
id10114,0.03180919454974935,0.9412220361848268,0.0269687692654238
id26314,0.7895316911439657,0.1505699269988828,0.059898381857151385
id21240,0.340706417153796,0.08827033348003663,0.5710232493661676
id15569,0.9514192376229268,0.02145411156307697,0.027126650813996463
id25928,0.08445509136141638,0.031650221172644384,0.8838946874659392
id22706,0.0266786088495476,0.9543629978859564,0.018958393264495915
id20877,0.019638867420868598,0.963302969578126,0.01705816300100542
id04318,0.9076823932316588,0.03385614688471112,0.05846145988363024
id18299,0.13619518602518796,0.7168198019810882,0.14698501199372374
id08126,0.038793994167079175,0.017409966259864976,0.943796039573056
id14293,0.5180863145053688,0.056394060907190076,0.4255196245874411
id12759,0.9287149875869204,0.030374605862958412,0.040910406550121285
id11983,0.8261122099147736,0.06915756294875018,0.10473022713647616
id05580,0.23266716285842676,0.6345622425746215,0.13277059456695173
id25846,0.3044460287074833,0.3745156361493864,0.3210383351431303
id01939,0.6478221556424186,0.06770630122399776,0.2844715431335836
id26327,0.17797740756399066,0.4333856272501263,0.38863696518588303
id11068,0.035250888359879586,0.016898550436609743,0.9478505612035106
id08404,0.935576476453262,0.03083638859264637,0.0335871349540918
id27189,0.5185210098381913,0.4103358918980778,0.07114309826373086
id15119,0.02573387546582508,0.9541246389582224,0.020141485575952592
id26525,0.9342289758323384,0.030803993547276327,0.034967030620385
id03618,0.1242985000663316,0.8119443632636947,0.06375713666997374
id27220,0.9365067528113764,0.028102591810663748,0.03539065537795981
id18777,0.044196383345362716,0.018002955118323484,0.937800661536314
id20213,0.9053156489900256,0.046510655067082365,0.0481736959428922
id20403,0.8823885605519906,0.06611850083093974,0.05149293861706955
id03777,0.10324048941902388,0.03493808177385912,0.8618214288071171
id10595,0.020372814644702586,0.9631757938343924,0.01645139152090515
id13816,0.10193799864037928,0.03258353187489863,0.8654784694847221
id05667,0.040160586281667916,0.01948051955923756,0.9403588941590946
id24629,0.3557164943729155,0.06790024390711688,0.5763832617199676
id20398,0.15204452789434986,0.23663535525060256,0.6113201168550475
id14108,0.042174505516689234,0.017422249140738772,0.940403245342572
id06196,0.02208375068701909,0.9619506526272515,0.01596559668572911
id02800,0.0855274245060087,0.8700190444714265,0.0444535310225648
id18732,0.028100119819675758,0.9535523985990404,0.018347481581283798
id11915,0.020499360069446863,0.9610645207888648,0.01843611914168842
id09739,0.8884949560882619,0.044266648786554105,0.06723839512518398
id24672,0.9450950776325432,0.02474818550976752,0.030156736857689367
id00414,0.03928157994371938,0.019519457264198,0.9411989627920826
id16307,0.9328416456904952,0.030585919366661708,0.03657243494284311
id14043,0.1093353510700438,0.03516560923283804,0.8554990396971182
id00517,0.03314630363190168,0.018094269709820157,0.9487594266582784
id09744,0.9432663195921712,0.02712612260205614,0.029607557805772837
id19257,0.9337202882690462,0.031091553968427093,0.03518815776252658
id15437,0.19519211909145384,0.7384866299146752,0.06632125099387093
id16352,0.051243779553539405,0.023472829590211124,0.9252833908562494
id18849,0.7935302253700103,0.09303262796059834,0.1134371466693913
id19434,0.020757999999262904,0.963857942709681,0.01538405729105625
id17928,0.052764178674885635,0.02268249038010928,0.924553330945005
id16896,0.040499628284469485,0.01995930873425832,0.9395410629812724
id02135,0.241733509748132,0.5142926108323664,0.2439738794195016
id15075,0.9347187258894026,0.031026564257827113,0.03425470985277018
id27486,0.01974230605566306,0.9643217744001059,0.015935919544230806
id19422,0.947648038546968,0.02363560450843921,0.028716356944592576
id09603,0.023254833802682937,0.9573544654573319,0.01939070073998512
id02133,0.031914841774132986,0.9442186061517592,0.02386655207410781
id03441,0.28810029329000914,0.05007830181085615,0.6618214048991348
id02398,0.020884141883358704,0.963522740637402,0.015593117479239315
id05152,0.04817894454462674,0.02274542297452472,0.9290756324808486
id17838,0.3055404311127006,0.04849325170796208,0.6459663171793375
id25060,0.9570275656275036,0.018920128056706332,0.024052306315790143
id09998,0.06250473602216555,0.02677673193309792,0.9107185320447364
id01828,0.027061645054790532,0.9520000306690702,0.02093832427613937
id25377,0.15170595400149825,0.04413848544030096,0.8041555605582008
id22175,0.022470057834786724,0.9613476757775359,0.016182266387677297
id02974,0.04793768903237891,0.02222818097086254,0.9298341299967584
id26955,0.9438534487260232,0.026189617636315853,0.02995693363766084
id21091,0.9084113529467474,0.04254107314772737,0.04904757390552522
id12802,0.9013642833479648,0.047052372411162,0.05158334424087319
id07432,0.021878377787187136,0.961785794310066,0.01633582790274693
id18749,0.045394283861795316,0.9224332829610632,0.032172433177141524
id15030,0.040379218573710164,0.02048247232516735,0.9391383091011224
id17155,0.019467867956377217,0.96431555330718,0.01621657873644291
id08128,0.022914733941500096,0.959787723613616,0.017297542444883983
id25706,0.01991194763337966,0.9619303405578532,0.018157711808767168
id15645,0.9154656227172384,0.045844611770489416,0.03868976551227221
id04943,0.9353905798141212,0.029816345162195626,0.03479307502368309
id27566,0.04787464576105152,0.019798322322688088,0.9323270319162604
id11765,0.3113409316102833,0.5871805747585939,0.10147849363112292
id13783,0.4228249025614581,0.2806457951516877,0.2965293022868542
id00492,0.04198278933539605,0.0178712151434564,0.9401459955211476
id27636,0.06595736681087999,0.02404614336216396,0.9099964898269559
id04273,0.9298170001393008,0.033267503082914304,0.03691549677778482
id02537,0.21551103726541584,0.11333955373885443,0.6711494089957297
id24349,0.9485971671442824,0.0236747268071038,0.02772810604861398
id00023,0.02293840850905333,0.9600406005648918,0.01702099092605501
id23025,0.3150883332209297,0.61267560243288,0.07223606434619033
id08722,0.9388467399347492,0.02780313369171937,0.03335012637353134
id02420,0.9322811697115512,0.032932843181124424,0.034785987107324536
id10811,0.9400180838766672,0.026952255153601428,0.033029660969731284
id04019,0.03752955496990619,0.017990992038287197,0.9444794529918068
id18334,0.9354729420482644,0.030947232024964588,0.03357982592677115
id16781,0.7280895535873156,0.20335936716025735,0.06855107925242697
id08773,0.18574415554990312,0.7598941646763632,0.054361679773733546
id19214,0.8548737441207043,0.07679677953309068,0.06832947634620512
id09589,0.02080795839024234,0.9631661999773732,0.016025841632384703
id24246,0.8201397181490421,0.04601594991833388,0.13384433193262404
id23577,0.9241554470855228,0.0397070865183356,0.03613746639614166
id09305,0.85531437179775,0.056498040377057315,0.08818758782519254
id16460,0.3991673570151082,0.07169764662528788,0.529134996359604
id21115,0.2273725597100403,0.10775140031430082,0.6648760399756588
id25996,0.8989134403994683,0.042515939452815066,0.05857062014771675
id02551,0.040755908472575215,0.01817042972073431,0.9410736618066904
id19352,0.03718553856073716,0.015501297195895472,0.9473131642433672
id03806,0.07752241760029527,0.02896656650822595,0.8935110158914787
id26544,0.8654513678788336,0.05233626305572674,0.08221236906543965
id18761,0.9436585928874616,0.02427966737674304,0.032061739735795264
id24148,0.023231302410354,0.9590559877278249,0.017712709861821215
id16095,0.024979574372508924,0.9550181792917788,0.020002246335712428
id18442,0.9030131280901498,0.041152314149041885,0.055834557760808375
id22596,0.03689180188310502,0.016827661921153276,0.9462805361957416
id23002,0.04668368459623398,0.021590020155233758,0.9317262952485322
id04797,0.9359893563142224,0.029907847580788762,0.03410279610498882
id06610,0.051182055323717134,0.019568999971526356,0.9292489447047566
id16173,0.2690948227239395,0.5654627805162803,0.16544239675978034
id18292,0.04422273023644779,0.019517070866476083,0.936260198897076
id27328,0.9398137218371574,0.02773095076895417,0.0324553273938884
id01695,0.020131852729617542,0.9629650469484196,0.016903100321962832
id05761,0.7246523739158242,0.08667896298178683,0.18866866310238925
id16354,0.9397463223494096,0.027903089440242973,0.0323505882103472
id12207,0.05428489269421757,0.8709078401229717,0.07480726718281057
id05665,0.0491104662305163,0.023275980567399858,0.9276135532020838
id01911,0.9271748491311282,0.03494494482836963,0.037880206040502136
id19153,0.038015837300758436,0.017098351661748508,0.9448858110374933
id10295,0.6561552291236512,0.2640414531197445,0.07980331775660413
id23038,0.5347805184115965,0.3460370195983813,0.11918246199002215
id23783,0.04268020131498063,0.9314185411922667,0.02590125749275259
id27879,0.9303019936169054,0.034138885661934064,0.0355591207211606
id19190,0.02385878311593961,0.9597223496335112,0.016418867250548908
id05065,0.907978558410568,0.041950446439039286,0.05007099515039263
id21296,0.02713804981654699,0.9531331162724718,0.01972883391098129
id13262,0.2767292005787571,0.1368123725332529,0.5864584268879899
id10333,0.9302112191292964,0.02949152851226482,0.04029725235843872
id16677,0.1168790281555804,0.5193788713306797,0.36374210051373984
id01392,0.15865898351300953,0.046107888712158505,0.7952331277748319
id27874,0.8956479851370871,0.045094758294086025,0.05925725656882705
id02294,0.024215680134305386,0.9560826025115472,0.019701717354147497
id18298,0.04060716310214897,0.018058813032604436,0.9413340238652466
id06997,0.9376510021027324,0.026226724919782292,0.03612227297748527
id05243,0.4032503968162275,0.10254850002682137,0.4942011031569512
id00860,0.020966971536490603,0.9604128400504056,0.018620188413103686
id26681,0.9458448272956684,0.02545303210930878,0.028702140595022824
id06020,0.03603131198029004,0.017371815246681913,0.9465968727730281
id27683,0.9029738493471956,0.043892210923970255,0.05313393972883429
id17655,0.021088846888787482,0.9626410687170276,0.016270084394184724
id08817,0.058919581767797866,0.02447510590773481,0.9166053123244672
id11512,0.04157296657065415,0.02069774618960522,0.9377292872397406
id00478,0.1914422209644046,0.056267079097944615,0.7522906999376509
id02116,0.9367479377102964,0.027294098769301417,0.0359579635204023
id06746,0.9372702913964276,0.027108695163719942,0.03562101343985242
id03863,0.35885732644991863,0.5175694516471185,0.12357322190296285
id01802,0.0382785761253238,0.9353056085733789,0.02641581530129729
id11682,0.8082833920115855,0.06296051620366523,0.12875609178474928
id04033,0.024361630109085142,0.9566884200403478,0.018949949850567
id09286,0.08387085430733321,0.7745082369813739,0.1416209087112927
id12904,0.9412366246378532,0.02780846698871154,0.0309549083734352
id07420,0.03676368933860956,0.018568601989689057,0.9446677086717014
id22398,0.018551789304164203,0.9664486158567684,0.01499959483906756
id00424,0.16958198305904,0.04167542914006011,0.7887425878008999
id20960,0.9434704576786256,0.02612873689467731,0.03040080542669718
id10267,0.4044154582402951,0.4505487618451751,0.14503577991452973
id19330,0.5957281100813451,0.04925896830643086,0.3550129216122242
id00994,0.0264830879848862,0.9556348392499862,0.017882072765127544
id10785,0.9061801052962876,0.04536010568790092,0.04845978901581144
id00955,0.02893266212161607,0.9522566009046356,0.018810736973748424
id09757,0.021425389069723026,0.9612023142561736,0.017372296674103508
id10030,0.08108776675685776,0.034101958581860214,0.8848102746612821
id22952,0.15220002926741658,0.08460271036144311,0.7631972603711404
id21955,0.0373750026055963,0.015326467981097871,0.9472985294133056
id07674,0.6963499555299137,0.1362407882896397,0.16740925618044658
id13760,0.024975244474820867,0.9575691878376946,0.01745556768748444
id18166,0.9435058992376144,0.024597930633234358,0.03189617012915126
id23498,0.939381921157248,0.02949041242299575,0.031127666419756114
id05296,0.932339986378796,0.03130506100847893,0.036354952612724964
id26709,0.9312583327687504,0.03310901081192252,0.03563265641932696
id02853,0.9409237991413938,0.027835916728412246,0.0312402841301939
id06800,0.3233607714248849,0.07665391062030373,0.5999853179548112
id14758,0.04704664593594233,0.9230734640448668,0.02987989001919112
id12356,0.9417028568326008,0.02780325436301731,0.030493888804381863
id21492,0.9074174293742032,0.049694766223329113,0.04288780440246775
id27540,0.19563345380907354,0.1172129025511033,0.6871536436398232
id07376,0.0660971985647369,0.8889952435458203,0.044907557889442784
id15201,0.28511734847269005,0.6460393827069146,0.06884326882039529
id23388,0.02212927519134086,0.9619184726207528,0.01595225218790657
id13923,0.02299846982220999,0.958573455066519,0.018428075111270984
id00794,0.02150277055110538,0.9612399271224236,0.01725730232647098
id23910,0.1920144223213363,0.05634969535999618,0.7516358823186676
id02556,0.09960861526268844,0.03531249614595276,0.8650788885913587
id22151,0.018219661156429867,0.9669191034739186,0.014861235369651374
id11698,0.02464053389901257,0.9567720828998794,0.018587383201107987
id11627,0.8524407469612679,0.05662726827738741,0.09093198476134456
id06340,0.9459500119445192,0.025369241786655783,0.028680746268825125
id05123,0.9390631066193668,0.027841179663021104,0.033095713717612045
id26620,0.04439299013070108,0.01708773109664662,0.9385192787726524
id04002,0.07311153523581282,0.056745705449964885,0.8701427593142224
id26554,0.11577366289308386,0.6771288390181833,0.2070974980887329
id18012,0.07066395019810583,0.029925878702113683,0.8994101710997805
id12964,0.08020372466650756,0.03134189047616251,0.88845438485733
id18965,0.038245808288233006,0.9108318898150068,0.050922301896760114
id19082,0.059810827624274976,0.02293747255686404,0.9172516998188609
id26742,0.045947547981415295,0.01801070716943338,0.9360417448491511
id15442,0.027073635949050417,0.9507355019560152,0.02219086209493426
id16647,0.4547810911835669,0.10133106804003593,0.4438878407763973
id11544,0.06459019354129787,0.02798159164508481,0.9074282148136172
id20581,0.634847403742832,0.09861940635181346,0.2665331899053546
id13192,0.4593656960950785,0.3736349252157957,0.16699937868912587
id15814,0.1812475133833165,0.08511044905797169,0.7336420375587118
id26279,0.02921262801671673,0.9499729945692696,0.02081437741401365
id00240,0.9450056001780501,0.02475096729261959,0.030243432529330563
id22836,0.9476979421993732,0.02375170820020549,0.028550349600421413
id15085,0.024195535696762548,0.9542755721650285,0.02152889213820924
id17495,0.5542365087621267,0.07390554024814489,0.3718579509897285
id26762,0.8490471718273035,0.062311519553808266,0.08864130861888822
id13685,0.944150193869021,0.02475485949443441,0.031094946636544624
id16560,0.019407099171078232,0.9657805506060749,0.014812350222846759
id17184,0.022978771370831336,0.9606838317712391,0.01633739685792994
id21635,0.9513806418016982,0.02143012704950177,0.02718923114879991
id26751,0.4163635582296133,0.4474170248906284,0.13621941687975847
id12351,0.9442688703713992,0.0248372944024071,0.03089383522619375
id14872,0.4595045834301687,0.3524863305535776,0.1880090860162537
id18372,0.8676364013020031,0.07483449629522734,0.057529102402769414
id26851,0.8791442512808587,0.06340998536526787,0.05744576335387321
id22659,0.7614448073893273,0.1763815240411719,0.0621736685695008
id04102,0.04081287954896273,0.019664903427499485,0.939522217023538
id02353,0.022243358028248433,0.9617331904677052,0.01602345150404651
id26721,0.9434526192770821,0.02592087226419899,0.03062650845871904
id11171,0.92106415965235,0.03528443389604607,0.043651406451603904
id13562,0.7375288665541899,0.14866219411675466,0.11380893932905528
id26425,0.9224840440602082,0.030722115751698812,0.046793840188092815
id26394,0.7594198014651966,0.09213285237001936,0.148447346164784
id22187,0.4043018908640602,0.4754439980437554,0.12025411109218433
id00422,0.9569306681255132,0.018660398072627017,0.0244089338018598
id22667,0.018159727034104026,0.9665930780537793,0.015247194912116782
id00911,0.8519443475829823,0.0691135204216395,0.07894213199537814
id17291,0.0912444180050482,0.03153996803296734,0.8772156139619844
id01915,0.12379390295626085,0.04855375803500468,0.8276523390087345
id01434,0.06318265649581914,0.02592696945855794,0.9108903740456229
id01584,0.4877607245836097,0.06566009832466045,0.44657917709173
id09266,0.92349497757548,0.036999335074998654,0.03950568734952135
id17494,0.0245056361109581,0.9582612869240948,0.01723307696494719
id24919,0.34704047909366403,0.16676046435229594,0.48619905655404
id21043,0.0466401825676106,0.0209390976610401,0.9324207197713492
id17796,0.02256494758198019,0.9609367205863014,0.016498331831718283
id02166,0.5679850537790624,0.054195316334101316,0.3778196298868364
id17503,0.9233586344116604,0.03524520181508744,0.04139616377325237
id21203,0.5189871312251919,0.09199592078082904,0.3890169479939792
id25626,0.9435658157438108,0.0266955937584744,0.029738590497714757
id09836,0.9494962472802422,0.023272923343037568,0.02723082937672021
id24202,0.050654196687390664,0.022836378886250074,0.9265094244263592
id27260,0.7465185953285168,0.09903593066311248,0.15444547400837086
id23167,0.03365754415225615,0.015753540316979817,0.950588915530764
id10393,0.020900849098033185,0.9621809595901848,0.01691819131178203
id01171,0.08492014740465786,0.8765530424931508,0.03852681010219123
id06380,0.94256863842614,0.026196942808605503,0.031234418765254724
id22686,0.10459853601374637,0.03741938136662787,0.8579820826196257
id26250,0.4114856996888159,0.04893241949293749,0.5395818808182467
id09315,0.04975461269435518,0.910507255666312,0.03973813163933277
id00886,0.2056049249878083,0.5321192596323254,0.2622758153798662
id03101,0.936356635863998,0.02865074509943533,0.034992619036566745
id12367,0.8746570188798211,0.04206294832779813,0.08328003279238093
id10770,0.8820606978331441,0.0410409222979174,0.07689837986893837
id14949,0.022060843134592226,0.9611960335727412,0.01674312329266647
id14141,0.1422613298349204,0.7983366710929154,0.059401999072164265
id25417,0.054664892404378836,0.9017858388324868,0.043549268763134405
id26873,0.7307235965403077,0.07244972787473729,0.19682667558495487
id10818,0.1270353703311725,0.03614388544387534,0.8368207442249521
id15146,0.7624913219716815,0.06540524224306597,0.1721034357852525
id23328,0.8996120730332954,0.06226074368572757,0.03812718328097714
id16765,0.0331577178169731,0.9378888248992604,0.028953457283766307
id24383,0.932031695678714,0.031098054586126658,0.03687024973515937
id21304,0.9346849057164625,0.03034859738611449,0.0349664968974231
id12551,0.02282188026695538,0.9600315457729922,0.017146573960052442
id23274,0.10035021127477024,0.04815865042040378,0.8514911383048259
id08117,0.6937835625427742,0.06355350089704967,0.24266293656017635
id23961,0.944520979915208,0.024602784705664574,0.030876235379127412
id13865,0.02016260736914308,0.9641517112901552,0.015685681340701668
id22807,0.2117855529012709,0.04952048296805292,0.7386939641306762
id08951,0.09580429977381184,0.04459991633904025,0.8595957838871479
id18684,0.9440369386165636,0.02561759702907243,0.030345464354363905
id25179,0.04333658905397355,0.9109109299348496,0.045752481011176786
id27033,0.9335643557161101,0.02830112138807633,0.038134522895813774
id13977,0.09940216759338434,0.8065018698268176,0.09409596257979803
id19337,0.02126363431021721,0.9612314839584599,0.017504881731322752
id25764,0.018148321141551595,0.965464712713934,0.01638696614451439
id16106,0.06566622543127756,0.0381554813033136,0.8961782932654089
id05468,0.040951510508920264,0.01750340265875985,0.94154508683232
id05241,0.937890476248034,0.027497538933152287,0.03461198481881388
id10215,0.8464645428961857,0.0628389898918753,0.09069646721193914
id23457,0.04026109418591755,0.01834383403425536,0.9413950717798272
id02200,0.9533081588350729,0.019414259155037788,0.0272775820098891
id13714,0.06046525584069396,0.9042865641448804,0.035248180014425715
id20332,0.0391080439507096,0.018309603830003112,0.9425823522192872
