id,EAP,HPL,MWS
id02310,0.19532911077760176,0.04792579154681802,0.7567450976755802
id24541,0.7496797422107702,0.08761689183854983,0.16270336595068002
id00134,0.2549739904486271,0.4846060724148242,0.26041993713654865
id27757,0.7011949751821959,0.14015761607962626,0.1586474087381779
id04081,0.6019132864618619,0.07998546278423521,0.31810125075390283
id27337,0.7313873127429084,0.12290179193831413,0.14571089531877748
id24265,0.6503817019161249,0.2340394997751879,0.11557879830868732
id25917,0.17490441064383047,0.2390774419104974,0.5860181474456722
id04951,0.5610203778180058,0.2241516408966024,0.21482798128539185
id14549,0.8138671089431838,0.03974681328411592,0.14638607777270027
id22505,0.2626226559049581,0.08691699688855885,0.6504603472064829
id24002,0.11366052001519883,0.7725620853992464,0.11377739458555478
id18982,0.21449517980546767,0.4102220316975797,0.3752827884969527
id15181,0.2338911333785376,0.5223517418448202,0.2437571247766422
id21888,0.3954966786198749,0.2013149088875616,0.4031884124925635
id12035,0.2038753145859397,0.15800157642501794,0.6381231089890423
id17991,0.2741079782809112,0.07131477448266231,0.6545772472364265
id10707,0.7072985201352195,0.10509036575885282,0.1876111141059276
id07101,0.3065160757848916,0.2488025706386332,0.4446813535764752
id00345,0.2467238329925976,0.4375798893174172,0.3156962776899853
id05912,0.5268139848746379,0.3046644796430413,0.1685215354823207
id13443,0.6768981227422948,0.07713564384242097,0.24596623341528426
id09248,0.3969709669672508,0.1265772010484117,0.4764518319843376
id17542,0.3126745222963373,0.5301929832366012,0.15713249446706146
id06995,0.1862619205980104,0.046720957541136234,0.7670171218608534
id25159,0.5086847947904212,0.16087338960613126,0.3304418156034476
id25729,0.5168515873351531,0.26755355807541825,0.21559485458942865
id26949,0.6678119710311795,0.15163229206564582,0.18055573690317467
id27191,0.3762781185381326,0.12474437629237348,0.498977505169494
id07668,0.2911264483103901,0.05238310475018337,0.6564904469394266
id02230,0.3673471824648832,0.22440986609841165,0.4082429514367051
id15553,0.566171508501807,0.24023190050136306,0.19359659099683
id25688,0.20796648769744625,0.6085527769539111,0.1834807353486428
id17545,0.7300164962570984,0.09296527496329318,0.17701822877960838
id13929,0.4080772707928443,0.3626249608114043,0.22929776839575144
id12880,0.4583452548262133,0.4226500320168364,0.11900471315695033
id19282,0.4576754883043929,0.0743705029513843,0.4679540087442228
id14690,0.2845686101828179,0.05786887992340595,0.6575625098937762
id17975,0.25969670244929705,0.5020184587284648,0.23828483882223805
id08037,0.8366909249562947,0.0929656583284772,0.07034341671522809
id15412,0.13472679499508414,0.03882347044648018,0.8264497345584357
id25032,0.4056241815906374,0.16292372985855766,0.43145208855080497
id27165,0.7626979650561534,0.0895838305616246,0.14771820438222194
id03327,0.6309048633811429,0.2790938226073859,0.09000131401147111
id18515,0.6570979242425308,0.10545809261480336,0.2374439831426659
id21003,0.2179477955278123,0.11967965408606974,0.662372550386118
id23855,0.3021660689765055,0.4956036118019965,0.20223031922149803
id20724,0.7401064898603957,0.058093335973571365,0.20180017416603294
id13303,0.4964309588921103,0.10460072852554182,0.398968312582348
id16521,0.17162887540703187,0.19526765985217967,0.6331034647407885
id20775,0.6068376068833259,0.13675213690235666,0.2564102562143174
id13029,0.5706925411199251,0.1733717210896555,0.2559357377904195
id14660,0.6271077710968186,0.2102757793541338,0.16261644954904758
id11028,0.07586172235042657,0.07884373485045755,0.8452945427991159
id14180,0.6320150159516702,0.1660345243649932,0.20195045968333655
id25860,0.7194505017108421,0.13838135129395218,0.14216814699520566
id11910,0.3881972837752759,0.099135135705863,0.5126675805188612
id08065,0.28940252190515914,0.07067303113404344,0.6399244469607974
id22674,0.15890554288694864,0.03791679769504943,0.8031776594180019
id25018,0.25693647357711624,0.031577755461486307,0.7114857709613974
id10892,0.2256626861715077,0.5780366436432051,0.1963006701852873
id10217,0.1699081297833617,0.6854388654225534,0.14465300479408488
id12996,0.347618460498055,0.22424561758804198,0.428135921913903
id18262,0.5128083086242129,0.17558975770456292,0.31160193367122424
id08606,0.3746784406708592,0.4315679692127407,0.19375359011640014
id17233,0.774505350831817,0.09307839436261167,0.13241625480557134
id00101,0.5889743487202079,0.06961394536061802,0.341411705919174
id12225,0.7386073222234408,0.11780096207753925,0.1435917156990199
id01364,0.3225059375521743,0.4566977620353118,0.22079630041251394
id24973,0.4290282983812498,0.09953430881974287,0.4714373927990074
id25363,0.4930388710777411,0.3436356224884332,0.16332550643382573
id10061,0.3804028364354178,0.05236926551038204,0.5672278980542002
id17673,0.3352601183879025,0.4426394703444282,0.22210041126766927
id13249,0.7099783601751163,0.02164673033758412,0.26837490948729964
id10107,0.17896278896857049,0.10559684611642033,0.7154403649150092
id04403,0.5779364681523921,0.14687763427218206,0.27518589757542583
id25728,0.544120672106025,0.1899519498986489,0.2659273779953261
id16184,0.4512564334585553,0.05161840663023565,0.4971251599112091
id03438,0.2143718901573452,0.047932362676783934,0.7376957471658709
id22923,0.32515880278168,0.5380761292548053,0.1367650679635147
id08610,0.6391037016987715,0.16176551625846938,0.1991307820427591
id25355,0.23028089751897654,0.08087206754201891,0.6888470349390046
id16916,0.34612115222217715,0.36197114208050496,0.29190770569731783
id12793,0.33504188224422304,0.5039702030028015,0.1609879147529754
id11859,0.35224050320032624,0.12808745570920954,0.5196720410904643
id02434,0.7719558772524681,0.11398031034417068,0.11406381240336134
id27703,0.26440504730724873,0.05452296122921424,0.6810719914635369
id25212,0.2577246926675713,0.444354306671872,0.29792100066055666
id11308,0.2130942896554273,0.10850044527357984,0.6784052650709929
id26094,0.7665898914880983,0.09563727058895856,0.13777283792294312
id22080,0.5786726961710212,0.2952940877450628,0.12603321608391596
id03545,0.9226193914521928,0.033512001752893164,0.043868606794913986
id23725,0.2363245611427603,0.08123790952154046,0.6824375293356992
id12009,0.6333221361350686,0.20940934254404994,0.15726852132088145
id24241,0.5289090825939345,0.06251137306233713,0.4085795443437283
id03596,0.3020317205462437,0.4181424494023437,0.27982583005141265
id10749,0.33068441834885715,0.3450979538703253,0.32421762778081753
id22794,0.17410646030739216,0.12804738722829484,0.697846152464313
id15482,0.3636569615394901,0.2246799593381983,0.4116630791223117
id04833,0.7684324786765703,0.1186605392681596,0.11290698205527015
id00397,0.1681328379906342,0.06950834310449773,0.7623588189048681
id14691,0.15904063889155465,0.1749632757723923,0.665996085336053
id05193,0.25536015048057925,0.07364471496383307,0.6709951345555877
id19541,0.6434069974841238,0.08972717597421201,0.2668658265416642
id22166,0.19710347002101827,0.09054700091506156,0.7123495290639201
id20744,0.16656444877034662,0.03005587282107225,0.8033796784085812
id10392,0.3079951769701281,0.09699805316909058,0.5950067698607814
id00770,0.5951240605723782,0.09791358313957406,0.3069623562880477
id06018,0.3631478236788786,0.4539347795985983,0.18291739672252308
id15678,0.21030775558368425,0.13700345259573127,0.6526887918205845
id08305,0.6829845764917943,0.10812254521391186,0.20889287829429373
id08903,0.4147299683748165,0.07967096208802618,0.5055990695371574
id14752,0.3755195011137577,0.471900670119338,0.15257982876690435
id12468,0.2772173431571716,0.6804367988115068,0.04234585803132171
id05085,0.600348338719847,0.14030862345266346,0.25934303782748946
id21993,0.20716302241128626,0.07951641200225006,0.7133205655864637
id15503,0.7010200306472391,0.1534553276057431,0.14552464174701782
id03021,0.3726193141595821,0.5122836602133989,0.11509702562701896
id16123,0.6308566203534722,0.1534277913628223,0.2157155882837055
id19383,0.5775196905644521,0.2028530302929604,0.2196272791425876
id04186,0.616187930788219,0.1780374900478824,0.2057745791638986
id17954,0.2331016502065684,0.11840506401308955,0.648493285780342
id12030,0.2800189009102665,0.08876186698674468,0.6312192321029888
id13020,0.6414334957402197,0.22177124615250515,0.1367952581072752
id25327,0.20876048448339504,0.26095060560424377,0.5302889099123612
id16344,0.3860598159838714,0.04721166379684466,0.5667285202192839
id12303,0.2820005492084723,0.4337758832695677,0.28422356752196004
id15017,0.5190681420959429,0.14248929385318024,0.33844256405087697
id22308,0.34132305657522866,0.14027959815423588,0.5183973452705355
id06536,0.18776116584334865,0.2270765631888546,0.5851622709677967
id19797,0.3697044649996973,0.4369424779529709,0.19335305704733186
id06332,0.42995297561881546,0.3494802761527407,0.22056674822844388
id22941,0.4545876797455143,0.09008563082481597,0.4553266894296698
id13547,0.06522591634186095,0.09086022573781637,0.8439138579203227
id06928,0.1788828731411071,0.06895992566823345,0.7521572011906594
id12521,0.4384222807446465,0.3004819220317821,0.2610957972235714
id25716,0.8265464669462532,0.027900990514621655,0.14555254253912508
id27116,0.17378201952476774,0.02284661599459184,0.8033713644806404
id19941,0.18261689398587155,0.5605913951029795,0.2567917109111489
id05711,0.2177089765119632,0.05558888534292365,0.7267021381451131
id02097,0.2502590139765721,0.07672529140106661,0.6730156946223612
id03563,0.23361411923405626,0.531403708954858,0.2349821718110857
id02295,0.4147088605125955,0.3348057002956212,0.2504854391917833
id08179,0.5418871474836408,0.1602764801070878,0.2978363724092714
id05332,0.3824974067257653,0.4168416467577181,0.20066094651651664
id15697,0.53115832520381,0.10765401365759912,0.3611876611385908
id17026,0.29606718283281463,0.05226484576983395,0.6516679713973514
id04243,0.6948142290941459,0.15700154502609834,0.14818422587975572
id13175,0.5394704797895565,0.21713725425051167,0.2433922659599318
id05387,0.5992599900589374,0.08718530280549358,0.313554707135569
id19989,0.4849675849353076,0.1526121770139332,0.3624202380507592
id25173,0.4044081291907523,0.16979512986531453,0.4257967409439331
id08925,0.26846764897932196,0.5088858416413985,0.2226465093792795
id03034,0.22915490570210595,0.3973818184628277,0.3734632758350664
id13272,0.23591479637676546,0.5592444508417652,0.20484075278146932
id07956,0.49172902019441,0.13946962427050294,0.3688013555350871
id02648,0.07502436303096413,0.02494089619155709,0.9000347407774788
id01778,0.20522690068547286,0.2727634828994696,0.5220096164150576
id12846,0.2364310595277304,0.09855193703888178,0.6650170034333879
id19001,0.1490875152475374,0.1983774456308679,0.6525350391215947
id05763,0.7327721404394373,0.16369357424495315,0.10353428531560954
id15590,0.16089648425841138,0.10865576414186803,0.7304477515997205
id04912,0.6874668787387811,0.11325441340717605,0.19927870785404286
id21201,0.5697078780047763,0.13903175485276587,0.2912603671424579
id13215,0.6474992680561749,0.05010924508560618,0.302391486858219
id15612,0.2440045242981145,0.43995217263889935,0.3160433030629861
id18501,0.19613836584522484,0.15355187511078475,0.6503097590439904
id07223,0.4023005380715649,0.4163283445994241,0.18137111732901107
id06707,0.6815637536742195,0.11184489763871344,0.20659134868706705
id05238,0.22458656679594985,0.4741271965692274,0.3012862366348228
id00935,0.21970835922622656,0.1093646083831608,0.6709270323906126
id00110,0.5479827857449885,0.1902940927051662,0.2617231215498453
id17476,0.5510200056677285,0.2073487982450016,0.24163119608726996
id15170,0.8232694295930677,0.08036494176859409,0.0963656286383382
id13397,0.4681337217728182,0.1157449955655384,0.4161212826616435
id24283,0.4623043309139108,0.1533270645012493,0.3843686045848399
id15234,0.6828607330749777,0.15466371959362085,0.16247554733140138
id16884,0.3942180210120688,0.3251545466172802,0.28062743237065096
id07831,0.4085100662778324,0.3190902188937008,0.2723997148284668
id16038,0.7200435190265364,0.1357768105924033,0.1441796703810603
id03629,0.6787375214950506,0.09727577793479472,0.22398670057015466
id21019,0.6758881365188231,0.062223274806558,0.26188858867461906
id21835,0.21509598370059568,0.1391405077971403,0.645763508502264
id04480,0.3606377536326111,0.4979315778292345,0.14143066853815436
id20838,0.4396366547147098,0.3560953168550408,0.20426802843024935
id24195,0.467632929762273,0.13142649051251873,0.4009405797252082
id05448,0.6860737238486592,0.12665482441749065,0.18727145173385026
id15957,0.34047087755907385,0.4327067326505234,0.2268223897904028
id19956,0.18813259923157885,0.07832162699654223,0.7335457737718789
id15104,0.111188187101744,0.258442776451643,0.6303690364466129
id17559,0.6731966899677966,0.2458905898273493,0.08091272020485414
id16839,0.3837217121081327,0.14345123929387155,0.4728270485979957
id14493,0.6303611745961548,0.0635791627004396,0.3060596627034056
id08833,0.6228506830005652,0.12362360582478188,0.2535257111746529
id15723,0.2372939244639917,0.1064894586782216,0.6562166168577866
id02716,0.4984049784875025,0.15956864218737826,0.3420263793251193
id06689,0.2182689742415672,0.5366567374592282,0.24507428829920455
id18837,0.5786487982177152,0.10530341099587358,0.31604779078641115
id04466,0.5437048559134046,0.3341335071601984,0.12216163692639705
id00686,0.5561681704543431,0.1462717805195659,0.2975600490260911
id09010,0.1762916297899004,0.6386932005192152,0.1850151696908844
id23353,0.6468567010800654,0.05188110340593378,0.30126219551400074
id00066,0.5940888945567472,0.200344668798084,0.20556643664516885
id15724,0.39349408069414776,0.3921717242362709,0.21433419506958135
id23486,0.23314794508646325,0.08962558911615952,0.6772264657973772
id22258,0.2517576429593283,0.07872826910534142,0.6695140879353303
id02292,0.6023810932901542,0.17089878563987632,0.2267201210699695
id16356,0.28626146079189496,0.10216958917066282,0.6115689500374423
id00235,0.798793302946302,0.06009716278903453,0.14110953426466352
id25522,0.1246481398882556,0.09803829624598076,0.7773135638657637
id04204,0.29550314108638953,0.5891229832706605,0.11537387564295006
id22016,0.8059164656097987,0.06528861043618753,0.12879492395401385
id06480,0.2619077880541175,0.4987412139659704,0.2393509979799121
id08718,0.2416681497543085,0.12664477281754494,0.6316870774281466
id05251,0.2370521444604171,0.5018969614852395,0.2610508940543434
id03359,0.6509152044177527,0.18057459912811166,0.16851019645413556
id16117,0.1641858787286898,0.046979966427074325,0.7888341548442359
id17000,0.1913049641099992,0.5465856117428548,0.26210942414714605
id01730,0.28318172854976803,0.5883887027471788,0.12842956870305314
id00630,0.6384081125192544,0.2209632798169631,0.14062860766378252
id18175,0.10659125305908927,0.028551579364966162,0.8648571675759446
id00907,0.6496178224981058,0.07961316892890093,0.27076900857299324
id18251,0.24077350569287226,0.5484181762031942,0.21080831810393355
id25861,0.610040409799605,0.15174583468000935,0.2382137555203856
id00398,0.5041042027009496,0.2901815272851436,0.2057142700139068
id27573,0.75460972021083,0.09333251796662743,0.15205776182254258
id10022,0.29570509904341896,0.3180159216160737,0.3862789793405073
id15901,0.19532209082106045,0.09821523196084303,0.7064626772180965
id00451,0.17551480144781742,0.17371856406287134,0.6507666344893112
id23129,0.2860785171484295,0.5171921215641379,0.19672936128743265
id26498,0.3483046635171409,0.5006107115272598,0.1510846249555993
id14741,0.2203536033350645,0.28368168338520383,0.4959647132797316
id18453,0.11184581535198797,0.14163843722686426,0.7465157474211478
id08309,0.685307621624569,0.13568999208207047,0.17900238629336046
id00320,0.9108405655859284,0.044633753228395405,0.0445256811856761
id07688,0.227216693561186,0.2733185335871637,0.4994647728516503
id01556,0.3302377503880143,0.028544328185308207,0.6412179214266776
id00178,0.4863357946238334,0.19056612013279356,0.32309808524337313
id18902,0.2552989197464525,0.03468534443220393,0.7100157358213436
id27002,0.5610007028858497,0.27558442281378553,0.16341487430036478
id21418,0.9332489076157772,0.0034904879793827234,0.06326060440484006
id23018,0.5148463921218835,0.05814399601826871,0.42700961185984776
id07032,0.4040516811017412,0.30411316826268,0.2918351506355788
id16195,0.4361251880055993,0.10718922240385274,0.456685589590548
id11202,0.4156955076291719,0.4640075791025939,0.12029691326823412
id09578,0.6101741531517683,0.11289216681205368,0.2769336800361781
id26984,0.7290724557436192,0.04953005024250694,0.22139749401387385
id19856,0.22327215827265215,0.4831062781754518,0.293621563551896
id12086,0.6642766493079936,0.0225681676637758,0.3131551830282306
id12052,0.35444586861609845,0.05254581476231508,0.5930083166215865
id17728,0.1058542406246407,0.17601648342056828,0.7181292759547908
id24608,0.7111154594338149,0.09793677555240013,0.19094776501378485
id21097,0.1444230832578807,0.14370609592495184,0.7118708208171675
id20179,0.13348614734008318,0.1007964648749865,0.7657173877849303
id15144,0.492772904670419,0.28507749954757405,0.22214959578200694
id00206,0.6481623773958097,0.08824307222369918,0.2635945503804911
id22285,0.17552840852057022,0.17761119137796985,0.64686040010146
id06417,0.238333944063272,0.21230084851418354,0.5493652074225445
id00215,0.3192356414836808,0.44692989807715305,0.23383446043916614
id04201,0.16869243845999551,0.0580719008954019,0.7732356606446026
id21771,0.7926355545040135,0.08655718658565771,0.12080725891032874
id12451,0.4100920648995042,0.32358110526770745,0.2663268298327883
id14250,0.23444780125248094,0.5259911117292686,0.2395610870182504
id03433,0.3970104441168664,0.3113484390766057,0.29164111680652793
id03303,0.1175625395179238,0.0021942445505791497,0.880243215931497
id25901,0.42159976553881534,0.29431936743448744,0.2840808670266972
id06945,0.2471832400207915,0.16864790359179538,0.5841688563874131
id05664,0.4087539512231812,0.26546564291771296,0.32578040585910584
id05741,0.7963922600165503,0.1016531414713861,0.10195459851206362
id10652,0.3766312074400784,0.1457388862175313,0.4776299063423903
id16300,0.5365780621596766,0.17942553049639318,0.28399640734393017
id12319,0.6244267689732522,0.06234260093117822,0.3132306300955696
id07500,0.26653970845914593,0.3766016196784351,0.35685867186241904
id12478,0.35679507436301666,0.258190975458845,0.3850139501781383
id03076,0.2616504152593513,0.04925343548658411,0.6890961492540645
id00969,0.4932980815376662,0.3547831259742173,0.1519187924881164
id23636,0.3027877290489357,0.5109647547395055,0.1862475162115587
id09791,0.0983506176747746,0.09164046651481723,0.8100089158104081
id05680,0.2673155687210709,0.2672405222406888,0.4654439090382403
id03672,0.2625610152824901,0.369155937243692,0.368283047473818
id04286,0.2057613168976632,0.4372427984075344,0.3569958846948024
id23883,0.1616135134816173,0.253181053565424,0.5852054329529588
id11914,0.6101573740967723,0.07588885373109579,0.31395377217213194
id20974,0.2892254174808281,0.4722976954541971,0.23847688706497475
id26125,0.24095585412162754,0.12490226478692618,0.6341418810914463
id15543,0.4263594700648594,0.13721463887580898,0.4364258910593316
id19471,0.8030465028473676,0.04922971671673356,0.14772378043589893
id11503,0.5406429795287355,0.144296007113741,0.3150610133575235
id09321,0.16036550494754698,0.6366094354288698,0.20302505962358314
id25560,0.1296681760768049,0.07683252441873391,0.7934992995044612
id06726,0.2925261662550861,0.09660994734269814,0.6108638864022158
id05709,0.6189256169619101,0.13933963254637036,0.2417347504917195
id09788,0.2434580368489509,0.5707370695912422,0.18580489355980687
id05289,0.6749604585570689,0.1728288959418065,0.1522106455011246
id11815,0.24158700014936474,0.500297472989337,0.25811552686129824
id22422,0.5791099348138883,0.17297294507112948,0.2479171201149822
id25954,0.4944711281019095,0.16342254124912686,0.3421063306489637
id13601,0.7358098225585542,0.10037220606379846,0.1638179713776474
id05677,0.5799201130381083,0.12215085189099267,0.2979290350708991
id10498,0.3684980936017792,0.451674496969628,0.17982740942859285
id02665,0.2715514129354774,0.5243751420406046,0.20407344502391794
id10114,0.26731591723223164,0.4320445727902616,0.3006395099775068
id26314,0.4923131184796792,0.2830639604028448,0.224622921117476
id21240,0.2792295491127235,0.14850928352879975,0.5722611673584768
id15569,0.6017025197821042,0.07905790395142816,0.31923957626646765
id25928,0.24172266235778525,0.13789497972322068,0.6203823579189941
id22706,0.3494179039161177,0.4167806477669644,0.233801448316918
id20877,0.21411286001727875,0.45492610307621795,0.33096103690650325
id04318,0.7356349162031768,0.0608146911406182,0.203550392656205
id18299,0.2073870461818322,0.5457553829769503,0.2468575708412176
id08126,0.23088310933104375,0.13634632042567135,0.6327705702432849
id14293,0.5549046369436674,0.1128814789028276,0.332213884153505
id12759,0.6793415057419955,0.08981615023556729,0.23084234402243725
id11983,0.5848382725575667,0.034824792096130965,0.3803369353463024
id05580,0.3080747343967685,0.4093059495673846,0.2826193160358469
id25846,0.5973895356306836,0.12868472208522186,0.27392574228409444
id01939,0.4339849064105576,0.0731644788747223,0.4928506147147202
id26327,0.35396957190177525,0.31528836065138943,0.3307420674468353
id11068,0.20646647791967832,0.14462360386285,0.6489099182174717
id08404,0.7508224123063454,0.16294500469057355,0.08623258300308105
id27189,0.7157401742132031,0.20531149405687849,0.07894833172991833
id15119,0.3024342964435129,0.4626836194925798,0.23488208406390734
id26525,0.6832574520637401,0.20302245576391484,0.11372009217234508
id03618,0.5380428002508146,0.2712070923314632,0.19075010741772214
id27220,0.7755827766581652,0.1473634800612448,0.07705374328059003
id18777,0.1650609393858848,0.004105076734439656,0.8308339838796756
id20213,0.7714914192966519,0.09267079054659433,0.13583779015675382
id20403,0.6241767463466199,0.1243426374432705,0.2514806162101096
id03777,0.2536852259293677,0.11632543380387005,0.6299893402667622
id10595,0.3270004008074051,0.4360005344098735,0.23699906478272134
id13816,0.3854681681546901,0.004953978034024485,0.6095778538112855
id05667,0.18508413013842384,0.1167697732624733,0.6981460965991029
id24629,0.5964204641149731,0.17377604804377236,0.22980348784125476
id20398,0.3802276453947022,0.11833454654216873,0.5014378080631291
id14108,0.1345109949966047,0.13429824524209416,0.7311907597613011
id06196,0.21023678062531165,0.6510558367751587,0.13870738259952967
id02800,0.5442696750480633,0.29467631642335285,0.16105400852858376
id18732,0.3026055275053294,0.5138118347525052,0.18358263774216532
id11915,0.3062549812177667,0.4358728011354324,0.25787221764680096
id09739,0.6345730201215739,0.054758752424687314,0.3106682274537388
id24672,0.534476501124306,0.20058861506529846,0.26493488381039554
id00414,0.14286683854381768,0.14336486201445714,0.7137682994417252
id16307,0.5544167074971449,0.16356440392602126,0.28201888857683394
id14043,0.3282329497873767,0.06648584426609402,0.6052812059465292
id00517,0.2859963752735818,0.1193280727483826,0.5946755519780356
id09744,0.593074926461691,0.2437882031012015,0.16313687043710742
id19257,0.7644398547731825,0.09916570212492873,0.13639444310188878
id15437,0.4374421027617352,0.4946374391039086,0.06792045813435625
id16352,0.3136361581036969,0.050161925780915016,0.6362019161153881
id18849,0.5743369558004449,0.22798140053776045,0.19768164366179472
id19434,0.20493188588878236,0.6129082549077839,0.18215985920343386
id17928,0.2331705838761884,0.10254382636760967,0.664285589756202
id16896,0.22334812158534,0.06726807257232924,0.7093838058423307
id02135,0.43786553235732006,0.2051449226671503,0.3569895449755297
id15075,0.6192583514378129,0.1063613966385595,0.2743802519236275
id27486,0.2668158735308989,0.4224584664239233,0.3107256600451778
id19422,0.6126162951960297,0.2546893419768097,0.13269436282716054
id09603,0.2588550937511421,0.485612195750242,0.2555327104986159
id02133,0.21040878605313626,0.5854967938661195,0.20409442008074424
id03441,0.30097371642382803,0.0774281220569408,0.6215981615192312
id02398,0.17752553834996898,0.6055293890208624,0.21694507262916868
id05152,0.2085222600676952,0.12059574940292232,0.6708819905293825
id17838,0.3511099660517385,0.0070691738734914595,0.64182086007477
id25060,0.6800222843159127,0.08226307131500299,0.2377146443690843
id09998,0.17840863609592594,0.17665749225950336,0.6449338716445707
id01828,0.21558076276423624,0.5633365731803937,0.22108266405537005
id25377,0.3076310099067387,0.10510113472049558,0.5872678553727657
id22175,0.31736986337532475,0.5423379882089627,0.14029214841571255
id02974,0.12920993866996075,0.15638429165913648,0.7144057696709027
id26955,0.694984417967531,0.05115074814721893,0.2538648338852501
id21091,0.4327199211307411,0.07777032252531839,0.4895097563439405
id12802,0.6274585496098721,0.2623347228518217,0.11020672753830618
id07432,0.30425907371734673,0.5782150954030476,0.11752583087960568
id18749,0.2806350728766995,0.5115856205997096,0.20777930652359092
id15030,0.22047347014286167,0.2206524753379147,0.5588740545192236
id17155,0.14864925138074922,0.6193128925892962,0.2320378560299545
id08128,0.3587539444816045,0.4796920528475158,0.1615540026708797
id25706,0.21568271019454996,0.5666645963211876,0.2176526934842624
id15645,0.6160809258064677,0.16771330658695488,0.2162057676065775
id04943,0.6177185121244424,0.028049495294051482,0.3542319925815061
id27566,0.193185727874762,0.08154383287071687,0.7252704392545212
id11765,0.4722051794856086,0.16994480572640375,0.3578500147879876
id13783,0.4550019351981275,0.2436193680919137,0.3013786967099588
id00492,0.12064841294471215,0.14487517484999715,0.7344764122052907
id27636,0.22569978009066702,0.10455691487160017,0.6697433050377328
id04273,0.5222206841684901,0.2036424110625624,0.27413690476894753
id02537,0.3847207364195285,0.07277905789981443,0.542500205680657
id24349,0.632244329628837,0.170955395592895,0.196800274778268
id00023,0.20990091469792715,0.558756774984485,0.2313423103175879
id23025,0.4261592638002934,0.3372440360966307,0.236596700103076
id08722,0.6695486911389216,0.1186356340143898,0.21181567484668865
id02420,0.44160391242476205,0.30215004534325823,0.2562460422319798
id10811,0.7257479609729509,0.07560259392590818,0.19864944510114085
id04019,0.05932691415838945,0.13904937144336893,0.8016237143982416
id18334,0.702177173019955,0.032092288562395675,0.2657305384176494
id16781,0.4367357948467987,0.4982771561903186,0.06498704896288272
id08773,0.4354463975233032,0.4720742660030564,0.09247933647364036
id19214,0.6290243070169625,0.0868433142731625,0.28413237870987496
id09589,0.17251808970613472,0.5431811687748256,0.2843007415190397
id24246,0.6826970556797912,0.09341878415008872,0.22388416017012008
id23577,0.7422736119404958,0.13492139253812596,0.12280499552137827
id09305,0.6703003670200988,0.15949709416415322,0.17020253881574804
id16460,0.4480306965583847,0.07010590160407397,0.4818634018375413
id21115,0.2704266834358507,0.1376414998652252,0.5919318166989241
id25996,0.5714356234494543,0.13050689744584607,0.29805747910469965
id02551,0.19387755842426596,0.029013269564167606,0.7771091720115665
id19352,0.3411538838991061,0.06523556908994776,0.5936105470109462
id03806,0.21938121365559585,0.05036250233894991,0.7302562840054543
id26544,0.7733783903161999,0.04206511463483673,0.1845564950489632
id18761,0.6457938265638467,0.2069535680127697,0.14725260542338364
id24148,0.4073758315447783,0.4323555092327119,0.1602686592225098
id16095,0.3056393326247681,0.5129038610084987,0.18145680636673325
id18442,0.5112056959992534,0.19918694084777508,0.28960736315297153
id22596,0.0750429957096102,0.10083638250099852,0.8241206217893913
id23002,0.22027750497636198,0.029723569478302705,0.7499989255453353
id04797,0.7024396333803177,0.17318919501014368,0.12437117160953863
id06610,0.15874159107048544,0.11150905679673988,0.7297493521327747
id16173,0.6512694143168988,0.2083313526401588,0.14039923304294244
id18292,0.1724844125854494,0.0887107873342469,0.7388048000803037
id27328,0.5887075225933794,0.2161800994154857,0.1951123779911348
id01695,0.2845161907943085,0.475209055227486,0.24027475397820544
id05761,0.5473514631449149,0.20066236874269716,0.251986168112388
id16354,0.5331235625057067,0.09978986285634528,0.36708657463794797
id12207,0.2841192672892075,0.4789672002984793,0.2369135324123132
id05665,0.2783704584437422,0.17166944344321244,0.5499600981130454
id01911,0.7878679937890463,0.08784852972294513,0.1242834764880086
id19153,0.3012639311505762,0.12176590237034055,0.5769701664790832
id10295,0.6296063811804239,0.24227903201187795,0.12811458680769813
id23038,0.5988228310864194,0.21785219971174347,0.18332496920183705
id23783,0.3119032581917237,0.4571924847711642,0.2309042570371121
id27879,0.7631924728654682,0.10165203008175157,0.1351554970527803
id19190,0.2790029738912255,0.5889738165384765,0.13202320957029806
id05065,0.5740977119812335,0.13006395569534573,0.2958383323234208
id21296,0.3346723707278043,0.4735297148633472,0.19179791440884844
id13262,0.5172851531825123,0.114362202667324,0.3683526441501637
id10333,0.7475995968092977,0.06457305221418129,0.1878273509765211
id16677,0.34161183289989305,0.1864488978481869,0.47193926925192
id01392,0.1867684963402073,0.054903277571582164,0.7583282260882105
id27874,0.6668753306394953,0.14071970784437865,0.19240496151612604
id02294,0.3614205573376967,0.4970938401174032,0.14148560254490014
id18298,0.3082410707775757,0.07738271013390469,0.6143762190885196
id06997,0.4727547198055943,0.2898219995484413,0.2374232806459644
id05243,0.5017666961986642,0.12523184413772712,0.3730014596636088
id00860,0.2380873810277713,0.4279307396623012,0.33398187930992745
id26681,0.5260936816246726,0.2321625286513632,0.2417437897239641
id06020,0.3389759528295309,0.09092801177004664,0.5700960354004224
id27683,0.4326197080254229,0.2072439991082997,0.3601362928662774
id17655,0.3398951040075878,0.3921866584702936,0.2679182375221186
id08817,0.22142169986337096,0.08460723957131873,0.6939710605653103
id11512,0.05609054828774974,0.16279496575131722,0.781114485960933
id00478,0.29545417051386497,0.07839853352183705,0.626147295964298
id02116,0.5828426729923729,0.17716589771995267,0.2399914292876743
id06746,0.6301706628124472,0.11454853705201283,0.25528080013554005
id03863,0.6193306401196452,0.2838651180577924,0.09680424182256232
id01802,0.3674763858011498,0.5612305177407574,0.0712930964580929
id11682,0.6417002906559794,0.05460272095837728,0.3036969883856433
id04033,0.29276574967434915,0.5123400619301111,0.1948941883955398
id09286,0.17155768765220672,0.43669698280954095,0.3917453295382523
id12904,0.8709936774953592,0.0741417780690156,0.05486454443562525
id07420,0.1787748587198162,0.1322557910371149,0.6889693502430689
id22398,0.3488531100108348,0.464155141034899,0.18699174895426626
id00424,0.16117148360343858,0.25915803437763224,0.5796704820189291
id20960,0.7194996911196628,0.08452797703013135,0.19597233185020574
id10267,0.6393533920164648,0.22053339875084088,0.14011320923269435
id19330,0.4346358853934495,0.07378758615675966,0.4915765284497908
id00994,0.18938164953465872,0.6886794613759314,0.12193888908940985
id10785,0.6941971502060359,0.1520981781600284,0.15370467163393567
id00955,0.32731419527267136,0.4894512579182153,0.18323454680911336
id09757,0.1914853968159366,0.5504452145685533,0.25806938861551004
id10030,0.3066224330517225,0.007111963644016349,0.6862656033042611
id22952,0.26266452788206884,0.14400102266090042,0.5933344494570307
id21955,0.17735955766443828,0.13793177476770035,0.6847086675678614
id07674,0.5575701954278399,0.12305567071682208,0.3193741338553381
id13760,0.24424177940595734,0.5330373002088962,0.2227209203851465
id18166,0.5744538988464661,0.2998818640079051,0.12566423714562888
id23498,0.9643804438020224,0.03018996288293999,0.005429593315037574
id05296,0.6378965449070626,0.13365877158996364,0.22844468350297376
id26709,0.7160933374370114,0.128395625640179,0.15551103692280954
id02853,0.7759177974658321,0.08827772386396343,0.1358044786702045
id06800,0.3269283362989013,0.1603551863780059,0.5127164773230929
id14758,0.4144568006830248,0.3413173652683734,0.24422583404860174
id12356,0.7368074499432887,0.14700194408441394,0.11619060597229733
id21492,0.5519738901390147,0.2420906221627219,0.20593548769826345
id27540,0.5648397535754683,0.15870429114457055,0.2764559552799611
id07376,0.22167006150387614,0.3989533317937364,0.3793766067023874
id15201,0.5146892547073408,0.19264675326967487,0.2926639920229843
id23388,0.2444702531845396,0.5663045107702968,0.1892252360451636
id13923,0.31323020500071397,0.44539849495375067,0.2413713000455353
id00794,0.297555827857076,0.4591155856782145,0.24332858646470956
id23910,0.3151835995227859,0.1105642929697161,0.5742521075074979
id02556,0.2061311863317244,0.1493832752635978,0.6444855384046778
id22151,0.24985622824452275,0.49843709961111204,0.2517066721443653
id11698,0.38527294841998,0.4807462881039472,0.13398076347607285
id11627,0.6066291365303816,0.16524692570851462,0.2281239377611038
id06340,0.6005087558570075,0.15797619336890464,0.2415150507740879
id05123,0.7992896095163157,0.05657132013884718,0.14413907034483714
id26620,0.15512374533076365,0.02740193285794869,0.8174743218112877
id04002,0.17577918405371595,0.0612070150174955,0.7630138009287886
id26554,0.1280224653030641,0.4230451277245226,0.4489324069724133
id18012,0.2958292868529043,0.1261481042458302,0.5780226089012654
id12964,0.3850414861571492,0.008037721416090502,0.6069207924267603
id18965,0.3105081579731883,0.4078951582366008,0.2815966837902109
id19082,0.2445528828661557,0.0489545069405568,0.7064926101932876
id26742,0.22277094782590093,0.07373803227342624,0.7034910199006729
id15442,0.3242866207883085,0.4739573688444509,0.2017560103672406
id16647,0.463641867398326,0.1168924791106669,0.4194656534910071
id11544,0.3003979278272131,0.039306995425854974,0.6602950767469319
id20581,0.5119474414691652,0.11332689119693355,0.3747256673339013
id13192,0.2618857917558506,0.6619942705187805,0.07611993772536893
id15814,0.24446879820238085,0.23119707569574824,0.5243341261018709
id26279,0.2788383614180446,0.5110222804779231,0.21013935810403228
id00240,0.6924615235636168,0.11086855541791403,0.19666992101846925
id22836,0.7938128253958453,0.10759691643373552,0.09859025817041916
id15085,0.2880964587508369,0.3704097326796475,0.3414938085695155
id17495,0.5728743282036411,0.05525982686360752,0.3718658449327514
id26762,0.5926663398704346,0.07792993595824294,0.3294037241713225
id13685,0.8578993400449993,0.02399542696411215,0.1181052329908885
id16560,0.14594367211568748,0.7930328196998728,0.0610235081844397
id17184,0.16663251383032535,0.5276696271293636,0.30569785904031105
id21635,0.7291814533406761,0.0901966023901236,0.1806219442692004
id26751,0.3521795380292501,0.3279117427933629,0.3199087191773871
id12351,0.7231220117346551,0.15773181438553685,0.11914617387980815
id14872,0.5637573296337123,0.2711932251822136,0.1650494451840742
id18372,0.8468878404829516,0.06223307480449996,0.0908790847125484
id26851,0.6654210793553911,0.09778866775179658,0.2367902528928124
id22659,0.7418957570235541,0.0516411089086268,0.20646313406781905
id04102,0.2451826287971785,0.15665799463835214,0.5981593765644694
id02353,0.21595438152269872,0.4049144653550601,0.3791311531222412
id26721,0.7017353770490083,0.08982985222518973,0.208434770725802
id11171,0.6945277799993788,0.08709096909108108,0.21838125090954014
id13562,0.5277475286970824,0.2361904909158242,0.23606198038709345
id26425,0.5846383474951642,0.18312637338786672,0.23223527911696906
id26394,0.4263377119221127,0.16890150713338106,0.40476078094450624
id22187,0.3746554244623101,0.3617102272591245,0.2636343482785655
id00422,0.6124372806799337,0.1292657950695329,0.25829692425053336
id22667,0.1888303895220864,0.5395153986345325,0.2716542118433812
id00911,0.6977405539718916,0.09915339897426967,0.20310604705383875
id17291,0.5821883690956043,0.043868158589538526,0.3739434723148571
id01915,0.22433741785771424,0.2176938060496796,0.5579687760926062
id01434,0.2214498933780232,0.085096915594854,0.6934531910271228
id01584,0.42235957449791295,0.12322388286653588,0.4544165426355511
id09266,0.7258260769515429,0.09678564880114647,0.17738827424731068
id17494,0.2839680457085831,0.5430066333190752,0.1730253209723418
id24919,0.5137826438225617,0.06803534624623349,0.4181820099312049
id21043,0.21728302255650267,0.14244174218639247,0.6402752352571048
id17796,0.2260762491999868,0.5760627393513787,0.19786101144863447
id02166,0.3191489361702128,0.2765957446808511,0.40425531914893614
id17503,0.5917321765921436,0.08300302395087822,0.32526479945697817
id21203,0.5052465641147783,0.08245623550588843,0.4122972003793333
id25626,0.5628369046144568,0.2108855540550268,0.22627754133051645
id09836,0.6100618764081132,0.20426415394059855,0.18567396965128824
id24202,0.2675725303656214,0.07799462848423025,0.6544328411501483
id27260,0.5889684001922295,0.19404947822244006,0.2169821215853304
id23167,0.10863812671177074,0.11919397696651793,0.7721678963217113
id10393,0.27320057222160365,0.4833548585026297,0.2434445692757667
id01171,0.4355358625344851,0.4083540548669783,0.1561100825985366
id06380,0.6087477942102514,0.18044495137737893,0.21080725441236967
id22686,0.2870093259801748,0.05898095328211984,0.6540097207377054
id26250,0.2490990426405176,0.13118663955866794,0.6197143178008144
id09315,0.4366743275095744,0.26436303479942863,0.29896263769099696
id00886,0.21823177736226876,0.4415880594552637,0.34018016318246763
id03101,0.6399039474661766,0.06496363268182763,0.2951324198519958
id12367,0.6626689833155787,0.08736363023899579,0.2499673864454256
id10770,0.5958575863260089,0.05886763419623961,0.3452747794777515
id14949,0.3153632114464553,0.48454120241915205,0.20009558613439268
id14141,0.3515964118697944,0.4584083955129709,0.1899951926172348
id25417,0.37901453450211,0.4029525101996218,0.2180329552982682
id26873,0.5076103715255561,0.11496345119693314,0.3774261772775108
id10818,0.2986584464046254,0.12408381054662225,0.5772577430487523
id15146,0.5566981555831148,0.050213365314445216,0.39308847910244005
id23328,0.6952147361129775,0.17693133354927915,0.12785393033774334
id16765,0.4949977446158306,0.2706347003991138,0.2343675549850556
id24383,0.8052026662932813,0.003029046582533946,0.1917682871241848
id21304,0.6281558719786786,0.12703828603844186,0.2448058419828795
id12551,0.3808869819136797,0.4738954410806786,0.1452175770056417
id23274,0.2941384647201396,0.0986509860291692,0.6072105492506912
id08117,0.4933693894103816,0.06463870744308575,0.44199190314653264
id23961,0.5319957512025387,0.19920509507519985,0.26879915372226143
id13865,0.3552562816776111,0.44191925005774735,0.20282446826464154
id22807,0.3174184933871557,0.07174418497388285,0.6108373216389615
id08951,0.3326816522260769,0.06470504501840199,0.602613302755521
id18684,0.8082840011670086,0.14034674051366786,0.05136925831932359
id25179,0.22444500176473486,0.37321362388085855,0.4023413743544066
id27033,0.6862328043759569,0.0870963085126844,0.22667088711135866
id13977,0.31729814119929484,0.4305310424362215,0.2521708163644837
id19337,0.23302492997302424,0.4314260480610652,0.3355490219659106
id25764,0.19526444067946008,0.6285904399628407,0.17614511935769922
id16106,0.22352129518081915,0.004976382273174324,0.7715023225460065
id05468,0.12367463160002515,0.002042420988311019,0.8742829474116638
id05241,0.6689286969558287,0.1168475505825101,0.2142237524616612
id10215,0.4736429469533353,0.22295955521687624,0.3033974978297885
id23457,0.1999771626491526,0.059036190604340476,0.7409866467465069
id02200,0.5223304101463813,0.2726804256598803,0.2049891641937385
id13714,0.4965499446564723,0.4238252963756477,0.07962475896788
id20332,0.24387602163739944,0.09829632145923234,0.6578276569033682
id18573,0.25565179739113764,0.2589049360564992,0.4854432665523632
id08569,0.7390626433124637,0.1086856828400682,0.1522516738474681
id22767,0.4911424105238281,0.1821159826330212,0.3267416068431507
id25390,0.3211797036312351,0.5064365047510694,0.17238379161769551
id09288,0.8428004573569522,0.08351522842600248,0.07368431421704534
id12381,0.6461053524097654,0.17626800217992603,0.17762664541030854
id02895,0.17128854583414022,0.07338671105900661,0.7553247431068532
id25270,0.2448451186255344,0.07382198423825803,0.6813328971362076
id14248,0.3675708931305705,0.14668620433287471,0.4857429025365548
id12831,0.7287016552461576,0.03073191674767955,0.2405664280061629
